global_id	id	village	t1	t2	t3	t4	t5	t6	t7	t8	t9	t10
1	2	1	0	0	0	0	0	0	0	0	0	0
2	3	1	NA	NA	NA	NA	NA	NA	NA	NA	NA	0
3	4	1	NA	NA	NA	0	0	0	0	0	0	0
4	5	1	0	0	0	0	0	0	0	0	0	0
5	7	1	0	0	0	0	0	0	0	0	0	0
6	8	1	0	0	0	0	1	1	1	1	1	1
7	9	1	NA	NA	NA	0	0	0	0	0	0	0
8	11	1	0	0	0	0	0	0	0	0	0	0
9	12	1	0	1	1	1	0	0	0	0	0	0
10	14	1	0	0	0	0	0	0	0	0	0	0
11	15	1	NA	NA	NA	NA	NA	NA	0	0	0	0
12	16	1	NA	0	0	0	0	0	0	0	0	0
13	19	1	0	0	0	0	0	0	0	0	0	0
14	23	1	0	0	0	0	1	1	1	0	0	1
15	24	1	0	0	0	0	0	0	0	1	0	0
16	25	1	0	0	0	0	0	0	0	0	0	0
17	26	1	NA	NA	NA	NA	NA	NA	0	0	0	0
18	27	1	0	0	0	0	0	0	0	0	0	0
19	28	1	NA	NA	NA	NA	NA	NA	NA	NA	0	0
20	29	1	0	0	0	0	0	0	0	0	0	0
21	30	1	NA	0	0	0	0	0	0	0	0	0
22	31	1	NA	0	0	0	0	0	0	0	0	0
23	32	1	0	1	0	0	0	1	1	1	1	1
24	33	1	NA	0	0	0	0	1	0	0	0	0
25	34	1	NA	NA	NA	NA	NA	NA	NA	0	0	0
26	37	1	0	0	0	0	0	0	0	0	0	0
27	38	1	0	0	0	0	0	0	0	0	0	1
28	42	1	0	0	0	0	0	0	0	0	0	0
29	45	1	0	0	0	0	0	0	0	0	0	0
30	47	1	0	0	0	0	0	0	0	0	0	1
31	48	1	0	0	0	0	0	0	0	0	0	0
32	50	1	0	0	0	0	0	1	1	1	1	1
33	51	1	NA	NA	NA	NA	NA	NA	NA	0	0	0
34	52	1	NA	NA	NA	NA	NA	NA	NA	NA	NA	0
35	54	1	1	1	0	0	0	0	0	0	0	0
36	58	1	0	0	0	0	0	0	0	0	0	0
37	59	1	0	0	0	0	0	1	1	1	1	1
38	62	1	NA	0	0	0	0	0	0	0	0	0
39	63	1	0	0	0	0	0	0	0	0	0	0
40	65	1	NA	0	0	0	0	0	0	0	1	1
41	66	1	0	0	0	0	0	0	0	0	0	0
42	68	1	0	0	0	0	0	0	1	1	1	1
43	69	1	0	0	0	0	0	0	1	1	1	0
44	70	1	0	0	0	0	0	0	0	0	0	0
45	71	1	NA	NA	NA	NA	NA	NA	NA	0	1	0
46	72	1	0	0	0	0	0	0	0	1	0	0
47	1	2	0	0	0	0	0	0	0	0	0	0
48	2	2	0	0	0	1	1	0	0	1	1	0
49	3	2	NA	NA	NA	NA	NA	NA	0	0	0	0
50	4	2	0	0	0	0	0	0	0	1	1	1
51	5	2	NA	NA	NA	NA	NA	NA	NA	0	0	0
52	6	2	NA	0	0	0	0	0	0	1	1	1
53	7	2	NA	NA	NA	NA	NA	NA	NA	NA	NA	0
54	9	2	0	0	0	0	0	0	0	0	0	0
55	10	2	0	0	0	0	0	0	0	0	0	0
56	11	2	0	0	0	0	0	0	0	0	0	0
57	13	2	NA	NA	NA	NA	NA	NA	0	0	0	0
58	14	2	0	0	0	0	0	0	0	0	0	0
59	15	2	0	0	0	0	0	0	0	0	0	0
60	17	2	0	0	0	0	0	0	0	0	0	0
61	19	2	0	0	0	0	0	0	0	0	1	1
62	20	2	0	0	0	0	0	0	0	0	0	0
63	21	2	0	0	0	0	0	0	0	0	0	0
64	23	2	0	0	0	0	0	0	0	0	0	0
65	24	2	0	0	0	0	0	0	0	0	0	0
66	26	2	NA	NA	NA	NA	NA	NA	NA	0	0	0
67	27	2	0	0	0	1	0	0	0	0	0	0
68	28	2	0	0	0	0	0	0	0	0	1	1
69	30	2	0	0	0	0	0	0	0	0	0	1
70	33	2	NA	NA	NA	NA	NA	0	0	0	0	1
71	34	2	0	0	0	0	0	0	0	0	0	0
72	35	2	0	0	0	0	0	0	0	0	0	0
73	38	2	0	0	0	0	0	0	0	0	0	0
74	40	2	NA	NA	NA	NA	NA	NA	NA	0	0	0
75	42	2	NA	NA	NA	NA	NA	NA	NA	NA	0	0
76	44	2	NA	NA	NA	NA	NA	NA	NA	NA	0	0
77	45	2	0	0	1	1	1	1	1	1	1	1
78	47	2	NA	NA	NA	0	0	0	0	0	0	0
79	48	2	NA	0	0	0	0	1	0	0	0	0
80	50	2	0	0	0	0	0	0	0	0	0	0
81	52	2	0	0	0	0	0	1	1	1	1	0
82	53	2	0	0	0	0	0	0	0	0	0	0
83	56	2	0	0	0	0	0	0	0	0	0	0
84	57	2	0	0	0	0	0	0	0	0	0	0
85	59	2	NA	NA	NA	NA	NA	NA	NA	NA	0	0
86	61	2	0	0	0	0	0	1	0	0	1	1
87	62	2	0	0	0	0	0	0	0	0	0	0
88	63	2	NA	NA	NA	NA	0	0	1	0	1	0
89	64	2	0	0	0	0	1	1	0	0	1	1
90	65	2	0	0	0	0	0	0	1	0	0	1
91	68	2	NA	NA	NA	NA	NA	NA	NA	NA	NA	1
92	69	2	0	0	0	0	0	0	1	1	1	1
93	70	2	0	0	0	0	0	1	1	0	1	0
94	72	2	0	0	0	0	0	0	0	0	0	0
95	74	2	NA	NA	NA	NA	0	0	0	0	0	0
96	76	2	0	0	1	0	0	0	0	0	1	0
97	78	2	NA	0	0	0	1	1	1	1	1	1
98	79	2	NA	NA	NA	NA	NA	0	0	0	0	0
99	83	2	NA	0	0	0	0	0	0	0	0	0
100	86	2	NA	NA	NA	NA	0	0	0	0	0	0
101	88	2	0	0	0	0	0	0	0	0	0	0
102	95	2	NA	NA	NA	NA	NA	NA	NA	NA	NA	0
103	96	2	NA	NA	NA	NA	NA	NA	NA	NA	NA	0
104	97	2	NA	NA	NA	NA	0	0	0	0	0	0
105	98	2	NA	NA	NA	NA	NA	NA	NA	0	0	0
106	2	3	NA	0	0	0	0	0	0	1	1	1
107	3	3	0	0	0	0	0	0	0	0	0	0
108	4	3	0	0	0	0	0	0	0	0	0	0
109	7	3	NA	0	0	0	0	0	0	0	0	0
110	8	3	0	0	0	0	0	0	0	0	0	0
111	10	3	0	0	0	0	0	0	0	0	0	0
112	15	3	NA	0	0	0	0	0	0	0	0	0
113	16	3	NA	0	0	0	1	0	0	0	0	0
114	17	3	0	0	1	0	0	0	0	0	0	0
115	19	3	NA	0	0	0	0	0	0	0	0	0
116	20	3	NA	NA	NA	NA	NA	NA	0	0	0	0
117	21	3	0	0	0	0	0	0	0	0	0	0
118	22	3	NA	0	0	0	0	0	0	0	0	0
119	25	3	0	0	0	0	0	0	0	0	0	0
120	26	3	NA	NA	0	0	0	0	0	0	0	0
121	27	3	NA	NA	NA	0	0	0	0	0	0	0
122	28	3	0	0	0	0	0	0	0	1	0	0
123	29	3	0	0	0	0	0	0	0	0	0	0
124	33	3	NA	0	0	0	0	0	0	0	0	0
125	34	3	0	0	0	0	0	0	0	0	0	1
126	35	3	0	0	0	0	0	0	0	0	0	0
127	36	3	0	0	0	0	0	0	0	0	0	0
128	37	3	0	0	0	0	0	0	0	0	0	0
129	39	3	0	0	0	0	0	0	0	0	0	0
130	40	3	NA	NA	NA	0	0	0	0	0	0	0
131	41	3	0	0	0	0	0	0	0	0	0	0
132	46	3	NA	NA	NA	NA	NA	NA	NA	0	0	0
133	47	3	0	0	0	0	0	0	0	0	0	0
134	48	3	0	0	0	0	0	0	0	0	0	0
135	50	3	0	0	0	0	1	0	0	0	0	0
136	52	3	0	0	0	0	0	0	0	0	0	0
137	53	3	0	0	0	0	0	0	0	0	0	0
138	55	3	0	0	0	0	0	0	0	0	0	0
139	59	3	NA	NA	NA	NA	NA	NA	0	0	0	0
140	62	3	0	0	0	0	0	0	0	0	0	0
141	63	3	NA	NA	NA	NA	NA	NA	NA	0	0	0
142	1	4	0	0	0	0	0	0	0	0	0	0
143	2	4	0	0	0	0	0	0	1	0	0	0
144	3	4	0	0	0	0	0	0	0	0	0	0
145	8	4	0	0	0	0	0	0	0	0	0	0
146	12	4	NA	NA	NA	NA	0	0	0	0	0	0
147	13	4	NA	0	0	0	0	0	0	0	0	0
148	14	4	NA	0	0	0	0	0	1	0	0	0
149	15	4	0	0	0	0	0	0	0	0	0	0
150	16	4	NA	0	0	0	0	0	0	0	0	0
151	17	4	0	0	0	0	0	0	0	0	0	0
152	19	4	0	0	0	0	0	0	0	0	0	0
153	21	4	NA	0	0	0	0	1	0	0	0	0
154	22	4	0	0	0	0	0	0	0	0	0	0
155	24	4	0	0	0	0	0	0	0	0	0	0
156	25	4	0	0	0	0	0	0	0	0	0	0
157	29	4	NA	NA	NA	NA	0	0	0	0	0	0
158	31	4	0	0	1	0	0	0	0	0	0	0
159	33	4	NA	NA	NA	NA	NA	0	0	0	1	0
160	35	4	NA	0	0	0	0	1	0	0	0	0
161	37	4	0	0	0	0	0	0	1	0	0	0
162	38	4	0	0	0	1	1	1	0	0	0	0
163	39	4	0	0	0	0	0	0	0	0	0	0
164	40	4	NA	NA	NA	NA	0	0	0	0	0	0
165	41	4	0	0	0	0	0	0	0	0	0	0
166	44	4	0	0	0	0	0	0	0	0	0	0
167	46	4	NA	0	0	0	0	0	0	0	0	0
168	47	4	0	0	0	0	1	1	1	1	1	1
169	48	4	NA	0	0	0	0	0	0	0	0	0
170	50	4	0	0	0	0	0	0	0	1	0	0
171	51	4	NA	NA	NA	NA	NA	NA	0	1	0	0
172	1	5	0	0	0	0	0	0	0	0	0	0
173	2	5	NA	NA	NA	NA	NA	NA	NA	0	0	1
174	6	5	NA	0	0	0	0	0	1	0	0	0
175	8	5	NA	0	0	0	0	0	0	0	0	0
176	11	5	NA	NA	NA	NA	NA	0	0	1	1	0
177	12	5	0	0	0	0	0	0	0	0	0	0
178	14	5	0	0	0	0	0	1	1	1	1	1
179	20	5	0	0	0	0	1	0	0	0	0	0
180	23	5	NA	0	0	0	1	1	0	0	1	1
181	31	5	NA	NA	NA	NA	NA	NA	NA	0	0	0
182	32	5	NA	NA	NA	0	0	0	0	0	0	0
183	34	5	NA	NA	NA	0	0	0	0	0	0	0
184	35	5	NA	0	0	0	0	0	0	1	1	1
185	39	5	NA	NA	NA	NA	NA	0	0	0	0	0
186	41	5	NA	NA	NA	NA	NA	NA	0	0	1	0
187	43	5	0	0	0	0	0	0	0	0	0	0
188	46	5	0	0	0	0	0	0	0	0	0	0
189	48	5	0	0	0	0	0	0	1	0	0	0
190	51	5	0	0	0	0	0	0	0	1	1	0
191	53	5	NA	0	0	0	0	0	1	0	1	1
192	55	5	0	0	0	0	0	0	0	0	0	0
193	56	5	NA	NA	NA	NA	NA	NA	NA	NA	0	0
194	58	5	0	0	0	0	0	0	0	0	0	0
195	60	5	NA	NA	0	0	0	0	0	0	0	1
196	62	5	NA	NA	NA	NA	NA	NA	0	1	1	1
197	63	5	0	0	0	0	0	0	0	1	1	1
198	64	5	NA	NA	NA	NA	NA	NA	NA	0	0	0
199	66	5	NA	NA	NA	NA	0	1	0	0	1	0
200	67	5	NA	0	0	0	0	0	0	0	0	0
201	68	5	NA	0	0	0	0	0	0	1	1	1
202	69	5	NA	0	0	0	0	0	0	0	0	0
203	70	5	NA	0	0	0	0	1	1	0	0	0
204	71	5	NA	0	0	0	0	0	0	0	0	0
205	72	5	NA	NA	NA	NA	0	0	0	0	1	1
206	73	5	NA	NA	NA	NA	NA	NA	0	0	1	0
207	76	5	0	0	0	0	0	0	0	1	1	0
208	77	5	NA	NA	NA	0	0	0	0	0	0	0
209	80	5	0	0	0	0	0	0	1	0	0	0
210	83	5	0	0	0	1	1	1	1	1	1	0
211	84	5	0	0	0	0	0	0	1	0	0	0
212	85	5	NA	0	0	0	0	0	0	0	0	0
213	86	5	NA	NA	NA	NA	0	0	0	0	1	1
214	88	5	NA	NA	0	0	0	0	0	0	0	0
215	90	5	0	0	0	0	0	0	0	0	0	0
216	91	5	NA	0	0	0	0	0	0	1	0	0
217	92	5	0	0	0	0	0	0	0	0	0	0
218	93	5	0	0	0	0	1	1	1	0	0	0
219	95	5	0	0	0	0	0	0	0	0	0	0
220	96	5	1	1	1	0	0	0	0	0	0	0
221	2	6	NA	NA	NA	NA	NA	NA	NA	NA	0	0
222	3	6	NA	NA	NA	NA	0	0	0	0	0	0
223	7	6	NA	NA	NA	NA	NA	NA	0	0	1	1
224	8	6	0	0	0	0	0	0	0	0	0	0
225	9	6	0	0	0	1	0	0	0	0	0	0
226	11	6	0	0	0	0	0	0	0	0	0	0
227	12	6	0	0	0	0	0	0	0	0	0	0
228	14	6	NA	NA	NA	NA	NA	NA	NA	0	0	0
229	15	6	NA	NA	0	0	0	1	1	0	0	0
230	16	6	NA	0	0	0	0	0	1	1	1	1
231	17	6	0	0	1	0	0	0	0	0	0	0
232	18	6	0	0	0	0	1	0	0	0	0	0
233	19	6	NA	NA	0	0	0	1	0	0	0	0
234	20	6	NA	0	0	0	0	0	0	0	0	0
235	21	6	NA	NA	NA	0	0	0	0	0	0	0
236	22	6	NA	0	0	0	0	0	0	0	0	0
237	23	6	0	0	1	1	0	0	0	1	1	1
238	25	6	NA	NA	NA	NA	NA	0	0	0	0	0
239	26	6	NA	0	0	0	0	1	1	0	0	0
240	27	6	NA	NA	NA	NA	NA	NA	0	0	0	0
241	28	6	NA	NA	NA	NA	NA	NA	NA	NA	NA	0
242	29	6	NA	NA	NA	NA	NA	NA	NA	NA	0	0
243	32	6	0	0	0	0	0	0	0	0	0	0
244	33	6	0	0	0	0	0	0	0	0	0	0
245	34	6	NA	0	0	0	0	0	1	0	0	1
246	35	6	0	0	0	0	0	0	0	0	0	0
247	36	6	NA	NA	0	0	0	0	0	0	0	0
248	39	6	0	0	0	0	0	0	1	0	0	0
249	40	6	0	0	0	0	0	0	0	0	0	0
250	43	6	0	0	0	0	0	0	0	0	0	0
251	44	6	0	0	0	0	0	0	0	0	0	1
252	45	6	NA	0	0	0	0	1	0	0	0	0
253	46	6	NA	NA	NA	NA	NA	NA	NA	NA	0	0
254	47	6	NA	0	0	0	0	0	0	0	0	0
255	48	6	0	0	0	0	0	0	1	1	0	1
256	49	6	NA	0	0	0	0	0	1	1	1	1
257	50	6	NA	NA	NA	NA	0	0	0	0	0	1
258	54	6	0	0	0	0	0	0	0	1	1	1
259	56	6	0	0	0	0	0	0	0	0	0	1
260	57	6	NA	NA	0	0	0	0	0	0	0	0
261	58	6	NA	0	0	0	0	0	0	0	0	0
262	59	6	NA	NA	NA	NA	NA	NA	NA	0	0	0
263	60	6	0	0	0	0	0	0	0	0	0	1
264	61	6	NA	0	0	0	0	0	0	0	0	0
265	1	7	0	0	0	0	0	0	1	1	1	1
266	4	7	NA	NA	NA	NA	NA	0	0	0	0	0
267	6	7	0	0	0	0	1	0	0	0	0	0
268	7	7	0	0	0	0	0	0	1	1	0	0
269	9	7	0	0	0	0	0	0	0	0	1	1
270	10	7	0	0	0	0	0	0	0	0	0	0
271	11	7	NA	NA	0	0	0	0	0	0	0	0
272	13	7	NA	NA	NA	NA	NA	NA	NA	0	0	0
273	14	7	NA	NA	NA	NA	NA	NA	NA	NA	0	0
274	15	7	NA	0	0	0	0	0	0	0	0	0
275	16	7	NA	NA	0	0	0	0	0	0	0	1
276	17	7	NA	NA	NA	0	0	0	0	0	0	0
277	18	7	0	0	0	0	0	0	1	0	0	0
278	19	7	NA	NA	NA	NA	NA	NA	NA	NA	NA	0
279	20	7	NA	NA	0	0	0	0	0	0	0	0
280	24	7	NA	NA	NA	0	0	0	0	0	0	0
281	25	7	NA	NA	NA	NA	NA	NA	NA	0	0	0
282	28	7	0	0	0	0	0	0	0	0	0	0
283	30	7	0	0	0	0	1	1	0	0	0	0
284	31	7	0	0	0	0	0	0	0	0	0	0
285	33	7	0	0	0	0	0	0	0	0	0	0
286	35	7	0	0	0	0	1	1	0	0	0	0
287	36	7	0	0	0	0	0	0	0	0	0	0
288	37	7	NA	0	0	0	0	0	0	0	0	0
289	38	7	NA	0	0	0	0	0	0	0	0	0
290	40	7	0	0	0	0	0	1	1	1	1	1
291	45	7	NA	NA	NA	NA	0	0	0	0	0	0
292	46	7	0	0	0	0	0	0	1	0	0	0
293	47	7	0	0	0	0	0	0	0	0	0	0
294	51	7	0	0	0	0	0	0	0	0	0	0
295	52	7	NA	NA	NA	NA	NA	NA	NA	NA	0	0
296	53	7	0	0	0	0	0	0	0	0	0	0
297	54	7	NA	NA	0	0	0	0	1	0	0	0
298	57	7	NA	NA	NA	NA	NA	0	0	0	0	0
299	59	7	NA	0	0	0	0	0	0	0	0	0
300	60	7	0	0	0	0	0	0	0	0	0	0
301	65	7	0	0	0	0	1	0	0	0	0	1
302	66	7	0	0	0	0	0	0	0	0	1	1
303	68	7	0	0	0	0	0	0	0	0	0	0
304	69	7	NA	NA	NA	NA	NA	NA	0	0	1	1
305	71	7	0	0	0	0	0	1	0	0	0	0
306	72	7	0	0	0	0	0	0	0	0	0	0
307	74	7	NA	0	0	0	0	0	0	0	0	0
308	76	7	NA	0	0	0	0	0	0	0	0	0
309	78	7	0	0	0	0	0	0	0	1	1	0
310	79	7	NA	NA	NA	NA	NA	NA	NA	0	0	0
311	82	7	NA	NA	0	0	0	0	0	0	0	0
312	83	7	NA	NA	NA	NA	NA	NA	0	0	0	0
313	1	8	0	0	0	0	0	0	0	0	0	0
314	2	8	0	0	0	0	0	0	0	0	0	1
315	5	8	0	0	0	0	0	0	0	0	1	1
316	6	8	0	0	0	0	0	0	0	0	0	0
317	7	8	0	0	1	0	0	0	0	0	0	0
318	8	8	0	0	0	0	0	1	1	1	1	1
319	9	8	0	0	0	0	0	0	0	0	0	0
320	11	8	0	0	0	0	0	0	0	0	0	0
321	12	8	0	0	0	0	0	0	0	1	1	1
322	15	8	NA	NA	NA	NA	NA	NA	NA	NA	NA	0
323	16	8	0	0	0	0	0	0	0	0	0	0
324	18	8	0	0	0	0	1	0	0	0	0	0
325	20	8	NA	0	0	0	0	0	0	0	0	0
326	21	8	NA	NA	NA	NA	NA	NA	NA	NA	NA	0
327	24	8	0	1	1	1	1	1	1	1	1	1
328	26	8	NA	0	0	0	0	0	0	0	0	0
329	27	8	0	0	0	0	0	0	0	0	0	0
330	29	8	NA	NA	NA	0	0	0	0	0	0	0
331	30	8	0	0	0	0	0	0	0	1	1	1
332	33	8	0	0	0	0	0	0	0	0	0	0
333	34	8	NA	0	0	0	0	0	0	0	0	0
334	38	8	0	0	0	0	0	0	0	0	0	0
335	39	8	NA	NA	NA	NA	NA	0	0	0	0	0
336	40	8	0	0	0	0	0	0	0	0	0	0
337	44	8	0	0	0	0	0	1	1	1	1	1
338	45	8	0	0	0	0	0	0	0	0	0	0
339	46	8	0	0	0	0	1	0	1	0	0	1
340	47	8	0	0	0	0	1	0	0	0	0	0
341	48	8	NA	0	0	0	0	0	0	0	0	0
342	49	8	0	0	0	0	0	0	0	0	0	0
343	50	8	0	0	0	0	0	0	0	0	0	0
344	55	8	NA	NA	0	0	0	0	0	0	0	0
345	56	8	0	0	1	0	0	0	0	0	0	0
346	57	8	0	0	0	0	0	0	0	1	1	0
347	58	8	NA	NA	NA	NA	NA	NA	NA	NA	0	0
348	59	8	NA	NA	NA	NA	NA	NA	0	0	0	0
349	62	8	NA	NA	0	0	0	0	0	0	0	0
350	63	8	NA	NA	NA	NA	NA	NA	NA	NA	NA	0
351	64	8	NA	0	0	0	0	0	0	0	0	0
352	66	8	NA	NA	NA	NA	NA	NA	NA	NA	NA	0
353	68	8	0	0	0	0	0	0	0	0	0	0
354	69	8	0	0	0	0	0	0	0	0	0	0
355	70	8	0	0	0	0	0	0	0	0	1	1
356	72	8	0	0	0	0	0	0	0	0	0	0
357	73	8	0	0	0	0	0	0	1	1	1	1
358	76	8	NA	NA	NA	0	0	0	0	0	0	1
359	77	8	0	0	0	0	0	1	0	0	0	0
360	81	8	NA	NA	NA	NA	NA	NA	NA	0	0	0
361	1	9	0	0	0	0	0	0	0	0	0	0
362	2	9	NA	NA	NA	0	0	0	0	0	0	0
363	5	9	NA	NA	NA	NA	NA	0	0	0	0	0
364	6	9	0	0	0	0	0	0	0	0	0	0
365	7	9	0	0	0	0	0	0	0	0	1	0
366	8	9	NA	0	0	0	0	0	0	0	0	0
367	11	9	0	0	0	0	0	0	0	0	1	1
368	12	9	0	0	0	0	0	0	0	0	0	0
369	13	9	0	0	0	0	0	0	1	1	1	1
370	14	9	NA	NA	NA	0	0	0	0	0	0	0
371	15	9	NA	0	0	0	0	0	0	0	0	0
372	16	9	0	0	0	0	0	0	1	1	1	0
373	18	9	NA	NA	NA	NA	NA	NA	NA	NA	0	0
374	20	9	0	0	0	0	0	0	0	0	0	0
375	22	9	0	0	1	0	0	0	0	0	0	0
376	24	9	NA	0	0	0	0	0	0	0	0	0
377	25	9	0	0	0	0	0	0	0	0	0	0
378	28	9	0	0	0	1	0	0	0	0	1	1
379	29	9	NA	NA	0	0	0	0	0	0	0	0
380	30	9	0	0	0	0	0	0	0	0	0	0
381	31	9	0	0	0	0	0	0	0	0	0	0
382	33	9	NA	0	0	0	0	0	0	0	0	0
383	35	9	NA	0	0	0	0	0	0	0	0	0
384	36	9	0	0	1	0	0	0	1	0	0	1
385	37	9	0	0	0	0	0	0	0	0	1	1
386	40	9	NA	NA	NA	NA	NA	NA	NA	0	0	0
387	41	9	0	0	0	0	0	0	0	0	0	0
388	44	9	NA	NA	NA	NA	NA	NA	NA	0	0	0
389	46	9	NA	0	0	0	0	0	0	0	0	0
390	49	9	0	0	0	0	0	0	0	0	0	0
391	52	9	0	0	0	0	0	0	0	0	0	0
392	53	9	0	0	0	0	0	0	0	0	0	0
393	57	9	NA	0	0	0	0	0	0	0	0	0
394	59	9	0	0	0	0	0	0	0	0	0	0
395	60	9	0	0	0	0	0	0	0	0	0	0
396	61	9	NA	NA	NA	NA	NA	0	0	0	0	0
397	62	9	NA	NA	NA	NA	NA	0	0	0	0	0
398	64	9	NA	NA	NA	NA	NA	0	0	1	0	1
399	65	9	NA	NA	NA	NA	0	0	0	0	0	0
400	2	10	NA	0	0	0	0	0	1	1	1	0
401	3	10	NA	0	0	0	0	0	0	0	0	0
402	5	10	0	0	0	0	0	0	0	0	0	0
403	7	10	0	0	0	0	0	0	0	0	0	0
404	10	10	0	0	0	0	0	0	0	0	0	0
405	11	10	0	0	0	0	0	0	0	0	0	0
406	12	10	0	0	0	0	0	0	0	0	0	0
407	14	10	NA	0	0	1	1	0	0	0	0	0
408	16	10	NA	0	0	0	0	0	1	1	1	1
409	18	10	0	0	0	0	0	0	1	1	0	0
410	20	10	0	0	0	0	0	0	0	0	0	0
411	23	10	NA	0	0	0	0	0	1	0	0	0
412	24	10	0	0	0	0	0	0	1	1	0	0
413	26	10	NA	NA	1	0	1	0	0	1	1	0
414	27	10	0	0	1	0	0	0	0	1	1	1
415	31	10	0	0	0	0	1	1	1	0	0	0
416	33	10	0	0	0	0	0	0	0	0	1	1
417	37	10	NA	NA	NA	NA	0	0	1	0	0	1
418	38	10	0	0	0	0	0	1	1	0	0	0
419	41	10	NA	NA	NA	NA	NA	0	0	0	0	0
420	42	10	NA	0	0	0	0	0	0	0	0	0
421	44	10	0	0	0	0	0	0	1	1	0	0
422	45	10	NA	0	0	1	1	1	1	1	1	1
423	46	10	NA	NA	NA	NA	NA	NA	NA	NA	0	0
424	47	10	0	0	0	0	0	0	0	0	0	0
425	48	10	0	0	0	0	0	0	0	0	1	1
426	49	10	0	0	0	0	1	1	1	0	0	0
427	50	10	0	0	0	1	1	0	0	1	1	1
428	52	10	0	0	0	0	0	1	1	1	0	0
429	53	10	0	0	0	0	0	0	1	0	0	0
430	54	10	NA	NA	NA	NA	NA	NA	0	0	0	0
431	55	10	NA	0	0	0	0	1	0	0	1	1
432	57	10	0	0	0	0	0	0	0	0	0	0
433	58	10	1	0	0	0	1	1	0	0	0	0
434	59	10	0	0	0	0	0	0	0	0	0	0
435	64	10	0	0	0	0	0	1	1	0	0	0
436	1	11	0	0	0	0	1	1	1	1	0	0
437	2	11	0	0	0	0	1	0	0	0	0	0
438	3	11	0	0	0	0	0	0	0	0	1	1
439	4	11	0	0	0	0	1	1	0	0	0	0
440	5	11	NA	0	0	0	0	0	0	0	1	0
441	8	11	0	0	0	1	0	0	0	0	0	0
442	10	11	0	0	0	0	0	0	0	0	0	0
443	11	11	NA	NA	NA	NA	NA	NA	NA	NA	NA	0
444	12	11	1	0	0	1	1	0	0	0	0	0
445	13	11	NA	0	0	0	0	1	0	0	0	0
446	16	11	0	0	0	0	0	0	0	0	0	0
447	17	11	0	0	0	0	0	0	0	0	0	0
448	19	11	NA	NA	NA	NA	NA	NA	NA	0	1	0
449	21	11	0	0	0	0	0	1	0	1	1	1
450	22	11	0	0	0	0	0	0	0	0	0	0
451	23	11	NA	0	0	0	0	0	0	0	0	0
452	24	11	NA	0	0	0	0	0	0	0	0	0
453	25	11	0	0	0	0	0	0	0	0	0	0
454	26	11	NA	NA	NA	NA	NA	NA	0	0	0	0
455	27	11	0	0	0	0	0	0	0	0	0	0
456	28	11	0	0	0	0	0	0	0	0	0	0
457	29	11	NA	0	0	0	0	0	0	0	0	0
458	30	11	NA	NA	NA	NA	NA	NA	NA	NA	0	0
459	31	11	0	0	0	0	0	0	0	0	0	0
460	32	11	0	0	0	0	0	0	0	0	0	0
461	33	11	NA	0	0	0	0	0	0	0	0	0
462	34	11	0	0	0	0	0	0	0	0	0	0
463	38	11	0	0	0	0	0	0	0	1	0	0
464	39	11	NA	NA	0	0	0	0	0	0	0	0
465	40	11	0	0	0	0	0	1	0	0	0	0
466	41	11	NA	NA	NA	NA	NA	NA	0	0	0	0
467	42	11	0	0	0	0	0	0	0	1	0	0
468	46	11	0	0	0	0	0	1	1	1	0	0
469	47	11	0	0	0	0	0	0	0	0	1	0
470	49	11	NA	0	0	0	0	0	0	0	0	1
471	51	11	0	0	0	0	0	0	1	1	0	0
472	53	11	NA	0	0	1	1	0	1	0	0	0
473	56	11	0	0	0	0	0	0	0	0	0	0
474	1	12	0	0	0	0	0	0	0	0	0	0
475	2	12	NA	NA	NA	NA	NA	NA	NA	NA	0	0
476	3	12	NA	0	0	0	0	1	1	0	0	0
477	4	12	NA	NA	NA	NA	NA	0	0	0	0	0
478	5	12	NA	1	1	1	1	1	1	1	0	0
479	6	12	NA	NA	NA	NA	NA	NA	NA	NA	0	0
480	7	12	NA	0	0	0	1	1	0	0	0	0
481	8	12	0	0	0	0	0	1	0	0	0	0
482	9	12	NA	0	0	0	0	0	0	0	0	0
483	13	12	NA	NA	0	0	0	0	0	0	0	0
484	15	12	NA	0	0	0	0	1	0	0	0	0
485	16	12	0	0	0	0	0	0	0	0	0	0
486	17	12	0	0	0	0	0	0	0	0	0	0
487	18	12	NA	0	0	0	0	0	1	0	0	0
488	19	12	NA	NA	0	0	0	0	0	0	0	0
489	20	12	NA	NA	NA	NA	NA	NA	NA	0	1	1
490	21	12	0	0	0	0	0	0	0	0	0	0
491	22	12	NA	NA	0	0	0	0	0	0	0	0
492	23	12	NA	NA	NA	NA	NA	0	0	0	1	1
493	24	12	NA	NA	NA	NA	NA	NA	0	0	0	1
494	25	12	0	0	0	0	0	0	0	0	0	0
495	26	12	NA	NA	NA	NA	0	0	0	0	0	0
496	27	12	0	0	0	0	0	0	0	0	0	0
497	28	12	0	0	0	0	0	0	0	0	0	0
498	29	12	0	0	0	0	0	1	1	1	1	0
499	30	12	0	0	0	0	0	0	0	0	0	0
500	34	12	NA	NA	NA	0	0	0	0	0	1	1
501	36	12	NA	0	0	0	0	0	0	0	0	0
502	40	12	0	0	0	0	0	0	0	0	0	0
503	43	12	NA	NA	NA	NA	0	0	0	0	0	0
504	44	12	NA	NA	NA	0	0	0	0	0	0	0
505	45	12	0	0	0	0	0	1	0	0	0	0
506	46	12	NA	NA	NA	NA	NA	NA	NA	NA	NA	0
507	47	12	NA	NA	0	0	0	0	0	0	0	0
508	51	12	0	0	0	0	0	0	0	0	0	0
509	52	12	NA	0	0	0	0	0	0	0	0	0
510	53	12	0	0	0	0	0	0	0	0	0	0
511	54	12	NA	NA	NA	NA	0	0	0	0	0	0
512	55	12	NA	NA	NA	NA	NA	NA	NA	0	0	1
513	56	12	0	0	0	0	0	0	0	0	0	0
514	57	12	NA	NA	NA	NA	NA	0	0	0	0	0
515	58	12	NA	NA	NA	NA	NA	NA	0	0	0	0
516	59	12	NA	NA	NA	NA	NA	0	0	0	0	0
517	61	12	NA	NA	NA	NA	NA	NA	0	0	0	0
518	1	13	NA	0	0	0	0	0	0	0	0	0
519	2	13	NA	NA	NA	NA	NA	NA	NA	0	0	0
520	8	13	NA	0	0	0	0	0	0	0	0	0
521	12	13	NA	0	0	0	0	0	0	0	0	0
522	17	13	0	0	0	0	0	1	1	1	1	1
523	18	13	NA	NA	0	0	0	0	0	0	0	0
524	21	13	NA	NA	NA	0	0	0	0	1	0	0
525	22	13	0	0	0	0	0	0	0	0	0	0
526	24	13	NA	0	0	0	0	0	0	0	0	0
527	26	13	NA	0	0	0	0	0	0	0	0	0
528	27	13	0	0	0	0	0	0	0	0	0	0
529	28	13	NA	0	0	0	0	0	0	0	0	0
530	29	13	0	0	0	1	0	0	0	0	0	0
531	30	13	NA	0	0	0	0	0	0	0	0	0
532	32	13	0	1	1	0	1	1	1	1	1	0
533	38	13	NA	0	1	0	0	0	0	0	0	0
534	39	13	NA	0	0	1	1	1	0	0	0	0
535	41	13	0	0	0	0	0	0	0	0	1	0
536	44	13	0	0	0	1	0	1	0	0	0	0
537	45	13	NA	0	0	0	0	0	0	0	0	0
538	46	13	NA	0	0	0	0	0	0	0	0	0
539	47	13	0	0	0	0	0	0	0	0	0	0
540	49	13	NA	NA	0	0	0	0	0	0	0	0
541	50	13	0	0	0	0	0	0	0	0	0	0
542	51	13	NA	NA	0	0	0	0	0	0	0	0
543	54	13	NA	0	0	0	0	0	0	0	0	0
544	56	13	0	0	0	0	0	0	0	0	0	0
545	59	13	NA	0	0	0	0	0	0	0	0	0
546	60	13	0	0	0	0	0	0	0	0	0	0
547	62	13	NA	NA	0	0	0	0	0	0	0	0
548	66	13	NA	0	0	0	0	1	1	1	0	0
549	67	13	NA	0	0	0	0	0	0	0	0	0
550	68	13	NA	0	1	1	1	0	0	0	0	0
551	69	13	NA	0	0	0	0	0	0	0	0	0
552	71	13	NA	0	0	0	0	0	0	0	0	0
553	72	13	0	0	0	0	0	1	0	0	0	0
554	73	13	NA	NA	NA	0	0	0	0	0	0	0
555	74	13	NA	0	0	0	0	0	0	1	0	0
556	75	13	NA	NA	NA	NA	0	0	0	0	0	0
557	76	13	NA	NA	NA	NA	NA	NA	NA	0	1	0
558	77	13	NA	0	0	0	0	0	0	1	1	1
559	78	13	0	0	0	0	0	0	0	0	0	0
560	79	13	NA	NA	NA	NA	NA	0	0	0	0	0
561	80	13	NA	NA	0	1	0	0	1	1	0	0
562	81	13	NA	NA	NA	NA	NA	NA	NA	NA	0	0
563	1	14	0	0	0	0	0	0	0	0	0	0
564	2	14	NA	NA	NA	NA	NA	NA	NA	0	0	0
565	3	14	NA	0	0	0	0	0	0	0	0	0
566	4	14	NA	NA	NA	NA	0	0	0	0	0	0
567	5	14	NA	0	0	0	0	0	0	0	0	0
568	6	14	0	0	0	0	0	0	0	0	0	0
569	7	14	0	0	0	0	0	0	0	1	0	0
570	8	14	0	0	0	0	0	0	0	0	0	0
571	9	14	0	0	0	0	0	0	0	0	0	0
572	10	14	NA	NA	0	0	0	0	0	0	0	0
573	11	14	NA	NA	0	0	0	0	0	0	0	0
574	12	14	NA	NA	NA	NA	NA	NA	NA	NA	0	0
575	13	14	0	0	0	0	0	0	0	0	0	0
576	14	14	NA	NA	NA	NA	NA	NA	0	0	0	0
577	15	14	NA	NA	NA	NA	0	0	0	0	0	0
578	16	14	0	0	0	0	0	0	0	0	0	0
579	17	14	0	0	0	1	0	0	0	0	0	0
580	18	14	0	0	0	0	0	0	0	0	0	0
581	20	14	NA	NA	NA	NA	NA	NA	NA	NA	0	0
582	21	14	NA	0	0	0	0	0	0	0	0	0
583	24	14	NA	0	0	0	1	0	0	0	0	0
584	25	14	NA	0	0	0	0	1	0	0	0	1
585	26	14	0	0	0	0	0	0	0	0	0	0
586	28	14	0	0	0	0	0	0	0	0	0	0
587	29	14	0	0	0	0	0	0	0	0	0	0
588	31	14	0	0	0	0	0	0	0	0	0	0
589	33	14	NA	NA	NA	NA	NA	0	0	0	0	0
590	34	14	0	0	0	0	0	0	1	1	0	0
591	35	14	NA	0	0	0	0	0	0	0	0	0
592	38	14	NA	0	1	1	0	1	1	1	1	1
593	40	14	0	0	0	0	0	0	0	0	0	0
594	42	14	NA	NA	NA	NA	NA	0	0	1	0	0
595	43	14	NA	NA	NA	NA	NA	NA	NA	NA	0	0
596	44	14	NA	NA	NA	NA	NA	NA	NA	NA	0	1
597	45	14	NA	NA	NA	NA	NA	NA	NA	0	0	0
598	47	14	NA	NA	NA	NA	NA	0	0	0	1	0
599	48	14	NA	NA	NA	NA	NA	NA	NA	NA	0	0
600	49	14	NA	NA	NA	NA	0	0	0	0	0	0
601	50	14	NA	NA	NA	NA	NA	0	0	0	1	1
602	4	15	NA	0	0	0	0	0	0	0	0	0
603	11	15	0	0	0	0	0	0	0	0	0	0
604	13	15	0	0	0	0	0	0	0	0	0	0
605	15	15	0	0	1	0	1	0	0	0	0	0
606	20	15	0	0	0	0	0	0	0	0	1	1
607	21	15	NA	NA	NA	0	0	0	0	0	0	0
608	24	15	NA	0	0	0	0	0	0	0	0	0
609	26	15	NA	NA	NA	0	0	0	0	0	0	0
610	27	15	0	0	0	0	0	0	0	0	0	0
611	30	15	NA	0	1	1	0	0	0	0	0	0
612	31	15	0	0	0	0	0	0	0	0	0	0
613	32	15	0	0	0	0	0	0	0	0	0	0
614	33	15	0	0	0	0	0	0	0	0	0	0
615	34	15	NA	NA	0	0	0	0	0	0	0	0
616	35	15	NA	NA	NA	NA	NA	NA	NA	NA	0	0
617	37	15	NA	0	0	0	0	0	0	0	0	0
618	38	15	NA	NA	NA	NA	NA	0	0	0	0	0
619	43	15	NA	0	0	0	0	0	0	0	1	1
620	44	15	0	0	0	0	0	0	0	0	0	0
621	46	15	0	0	0	0	0	0	0	0	0	0
622	47	15	0	0	0	0	0	0	0	0	0	0
623	49	15	0	0	0	0	0	0	0	0	0	0
624	54	15	0	0	0	0	0	0	0	0	0	0
625	56	15	NA	0	0	0	0	0	0	0	0	0
626	60	15	NA	0	0	0	0	0	0	0	0	0
627	61	15	NA	NA	NA	NA	NA	NA	0	0	0	0
628	63	15	0	0	0	0	0	0	0	0	1	1
629	64	15	NA	0	0	0	0	0	0	0	0	0
630	65	15	NA	0	0	0	0	0	0	0	0	0
631	66	15	NA	0	0	0	1	0	0	0	0	0
632	69	15	0	0	0	0	0	0	0	0	0	0
633	70	15	NA	NA	NA	0	0	0	0	0	0	0
634	73	15	0	0	0	0	0	0	0	0	0	0
635	74	15	NA	0	0	0	0	1	1	0	0	0
636	75	15	0	0	0	0	0	0	0	0	0	0
637	77	15	0	0	0	0	0	0	0	0	0	0
638	78	15	0	0	0	0	0	0	0	0	1	0
639	79	15	0	0	0	0	0	0	0	0	0	0
640	80	15	0	0	0	0	0	0	0	0	0	0
641	81	15	NA	NA	0	0	0	0	0	0	0	0
642	82	15	NA	NA	NA	NA	NA	NA	NA	NA	NA	0
643	83	15	NA	0	0	0	0	0	0	0	0	0
644	84	15	NA	0	1	0	0	0	0	0	1	1
645	88	15	0	0	0	0	0	0	0	0	0	0
646	89	15	NA	NA	NA	NA	NA	NA	NA	NA	0	0
647	90	15	NA	0	0	0	0	0	1	1	0	0
648	3	16	0	0	0	0	0	0	0	0	0	0
649	4	16	0	0	0	0	0	0	0	0	0	0
650	5	16	NA	NA	NA	0	0	0	0	1	0	1
651	6	16	NA	0	0	0	0	0	0	0	0	0
652	7	16	NA	0	0	0	0	0	0	0	0	0
653	8	16	0	0	0	0	0	0	0	0	0	0
654	9	16	NA	0	0	1	0	1	0	1	1	1
655	10	16	NA	0	0	0	1	1	0	0	0	0
656	12	16	NA	1	1	1	0	0	1	1	1	0
657	13	16	0	0	0	0	0	0	0	0	0	0
658	14	16	NA	NA	NA	NA	NA	NA	NA	NA	0	0
659	15	16	NA	0	0	0	0	0	0	0	0	0
660	16	16	NA	0	0	0	0	0	0	0	1	0
661	17	16	NA	NA	NA	NA	0	0	0	1	0	0
662	19	16	NA	0	0	0	0	0	0	1	0	0
663	20	16	NA	NA	NA	NA	NA	NA	NA	0	0	0
664	21	16	NA	1	1	0	0	1	1	1	0	0
665	22	16	NA	NA	NA	0	0	0	0	0	0	0
666	23	16	NA	NA	NA	NA	NA	NA	NA	NA	0	0
667	24	16	0	0	0	0	0	0	0	0	0	0
668	25	16	NA	0	0	0	0	0	0	1	0	1
669	26	16	0	0	0	0	0	0	0	0	0	0
670	27	16	NA	NA	0	0	0	0	0	0	0	0
671	28	16	NA	NA	0	0	0	0	0	0	0	0
672	29	16	NA	NA	0	0	0	0	0	0	0	0
673	30	16	NA	0	0	0	0	0	0	0	1	1
674	31	16	0	1	1	1	1	0	1	1	1	1
675	32	16	0	0	1	0	0	0	0	1	1	1
676	33	16	0	0	0	0	0	0	0	0	0	0
677	34	16	NA	0	0	0	0	0	0	0	0	0
678	35	16	NA	1	0	0	0	0	0	0	0	0
679	36	16	0	0	0	0	0	1	1	1	1	1
680	37	16	NA	0	0	0	0	1	1	0	0	0
681	1	17	NA	NA	NA	NA	NA	NA	NA	0	0	0
682	2	17	NA	0	0	1	1	1	1	0	0	0
683	9	17	NA	NA	NA	0	0	0	0	0	0	0
684	11	17	0	0	0	0	0	0	0	0	0	0
685	12	17	NA	0	1	0	0	0	0	0	0	0
686	13	17	0	0	0	0	0	0	0	0	0	0
687	16	17	0	0	0	0	0	0	0	0	0	0
688	17	17	NA	0	0	0	0	0	0	0	0	0
689	18	17	0	0	0	0	0	0	0	0	0	0
690	20	17	NA	0	0	0	0	0	0	0	0	0
691	22	17	0	0	0	0	0	0	0	0	0	0
692	25	17	NA	0	0	0	0	0	0	0	0	0
693	26	17	NA	0	0	0	0	0	0	0	0	0
694	28	17	NA	0	0	0	0	0	1	0	0	0
695	29	17	0	0	0	0	0	0	0	0	0	0
696	31	17	0	0	0	0	0	0	0	0	0	0
697	34	17	0	0	0	0	0	0	0	0	0	0
698	36	17	NA	0	0	0	0	0	0	0	0	0
699	38	17	0	0	0	0	0	0	0	0	0	0
700	40	17	NA	NA	NA	NA	NA	NA	NA	NA	NA	0
701	43	17	NA	0	0	0	0	0	0	0	0	0
702	44	17	NA	0	0	0	0	0	0	0	0	0
703	45	17	NA	NA	NA	NA	NA	0	1	0	0	0
704	46	17	NA	NA	NA	NA	NA	NA	NA	NA	0	0
705	48	17	NA	0	0	0	0	0	0	0	0	0
706	49	17	NA	0	0	0	0	0	0	0	0	0
707	50	17	NA	0	0	1	1	0	0	0	0	0
708	52	17	NA	NA	NA	0	0	0	0	0	1	0
709	53	17	NA	NA	0	0	0	0	0	0	0	0
710	60	17	NA	0	0	0	0	0	0	0	0	0
711	61	17	NA	0	0	0	0	0	0	0	0	0
712	63	17	NA	0	0	0	0	0	0	0	0	0
713	66	17	NA	0	0	0	1	1	1	0	0	0
714	68	17	NA	0	0	0	0	0	0	0	0	0
715	69	17	NA	0	0	0	0	0	0	0	0	0
716	71	17	0	0	0	0	0	0	0	0	0	0
717	72	17	NA	0	0	0	0	0	0	0	0	0
718	73	17	NA	0	0	0	0	0	0	0	0	0
719	74	17	0	0	0	0	0	0	0	0	0	0
720	75	17	NA	0	0	0	0	0	0	0	0	0
721	76	17	NA	NA	NA	NA	0	0	1	0	0	0
722	77	17	NA	0	0	0	0	0	0	0	0	0
723	78	17	0	0	0	0	0	0	0	0	0	0
724	79	17	NA	NA	0	0	0	0	0	0	0	0
725	80	17	NA	0	0	0	0	0	0	0	0	0
726	5	18	0	0	0	0	0	0	0	0	0	0
727	6	18	NA	NA	NA	0	0	0	0	0	0	0
728	7	18	NA	NA	0	0	0	0	0	0	1	0
729	8	18	0	0	0	0	0	0	0	0	0	0
730	10	18	0	0	0	0	0	0	0	0	0	1
731	12	18	0	0	0	0	0	0	0	0	0	0
732	14	18	NA	0	0	0	0	0	0	0	0	0
733	16	18	0	0	0	0	0	0	0	0	1	1
734	17	18	NA	NA	0	0	0	0	0	0	0	0
735	18	18	NA	NA	NA	NA	NA	0	0	0	0	0
736	21	18	0	0	0	0	0	0	0	0	0	0
737	22	18	NA	0	0	0	0	0	0	0	0	0
738	24	18	1	1	1	1	1	1	1	1	1	1
739	26	18	NA	0	0	0	0	0	0	0	0	0
740	27	18	NA	NA	NA	NA	0	0	1	0	1	1
741	28	18	NA	NA	NA	NA	NA	NA	NA	0	0	0
742	29	18	0	0	0	0	0	0	0	0	0	1
743	31	18	NA	0	0	0	0	0	0	0	0	0
744	33	18	NA	0	0	0	0	0	0	0	0	0
745	34	18	NA	NA	NA	NA	NA	0	0	0	0	1
746	37	18	NA	NA	NA	NA	0	0	0	1	0	1
747	38	18	NA	0	0	0	0	0	0	0	1	1
748	39	18	NA	NA	NA	NA	0	0	0	0	0	0
749	41	18	NA	0	0	1	1	0	0	0	0	0
750	42	18	NA	NA	NA	NA	NA	NA	NA	0	0	0
751	44	18	NA	NA	NA	NA	NA	0	0	0	0	0
752	46	18	NA	NA	0	0	1	0	0	0	0	0
753	48	18	0	0	0	0	0	0	0	0	1	1
754	49	18	NA	NA	NA	NA	NA	NA	NA	NA	NA	0
755	50	18	NA	NA	0	0	0	0	0	0	0	0
756	52	18	0	0	0	0	0	0	0	0	0	0
757	53	18	NA	0	0	0	0	0	0	0	0	0
758	54	18	NA	NA	NA	NA	NA	NA	NA	NA	1	0
759	55	18	NA	NA	NA	NA	NA	NA	NA	0	0	0
760	56	18	NA	NA	NA	NA	NA	0	0	0	0	0
761	57	18	NA	0	0	0	0	0	0	0	0	0
762	58	18	0	1	1	1	1	1	1	1	1	1
763	59	18	NA	NA	NA	NA	NA	NA	NA	0	0	0
764	60	18	NA	NA	NA	NA	0	0	0	0	0	0
765	1	19	NA	NA	NA	NA	NA	NA	NA	NA	0	0
766	2	19	0	0	0	0	0	0	0	0	0	0
767	5	19	NA	NA	NA	NA	0	0	0	0	0	0
768	6	19	NA	NA	NA	NA	NA	0	0	0	0	0
769	9	19	NA	0	0	0	0	0	0	0	0	0
770	10	19	0	0	0	0	0	0	0	0	0	0
771	11	19	NA	NA	NA	NA	NA	NA	NA	0	0	1
772	14	19	NA	0	0	0	0	0	0	0	0	0
773	18	19	NA	0	0	0	0	0	1	1	1	1
774	21	19	NA	0	0	0	0	0	0	0	0	0
775	22	19	NA	0	0	0	0	0	0	0	0	0
776	23	19	NA	0	0	0	0	0	0	0	0	0
777	24	19	0	0	0	0	0	0	0	0	0	0
778	25	19	NA	NA	0	0	0	0	0	0	0	0
779	29	19	NA	0	0	0	0	0	1	0	0	0
780	30	19	0	0	0	0	0	1	1	1	1	1
781	31	19	NA	0	0	0	0	0	0	0	0	0
782	32	19	NA	0	0	0	0	0	0	0	0	0
783	33	19	NA	0	0	0	0	0	0	0	0	0
784	34	19	0	0	0	0	0	0	0	0	0	0
785	36	19	0	0	0	1	0	0	0	0	0	0
786	37	19	NA	NA	0	0	0	0	0	1	1	0
787	38	19	NA	NA	0	0	0	1	0	0	0	0
788	39	19	NA	NA	NA	NA	NA	NA	NA	NA	0	0
789	44	19	0	0	0	0	0	0	0	0	0	0
790	46	19	NA	0	1	1	0	0	0	0	0	1
791	51	19	NA	0	0	0	0	0	0	0	0	0
792	52	19	0	0	0	0	0	0	0	1	1	0
793	53	19	NA	NA	NA	NA	NA	0	0	0	0	0
794	54	19	0	0	0	0	0	0	0	0	0	0
795	55	19	0	0	0	0	0	0	0	0	0	0
796	57	19	NA	NA	NA	NA	NA	NA	NA	NA	NA	0
797	59	19	NA	NA	NA	NA	NA	NA	NA	0	0	0
798	61	19	NA	0	0	0	0	0	0	0	0	0
799	63	19	NA	NA	0	0	0	0	0	0	0	0
800	64	19	NA	NA	NA	NA	NA	NA	NA	NA	NA	0
801	65	19	NA	0	0	0	0	0	1	1	1	1
802	69	19	0	0	0	0	0	0	0	0	0	0
803	70	19	NA	0	0	0	0	0	0	0	0	0
804	71	19	0	0	0	0	0	0	0	0	0	0
805	72	19	NA	NA	NA	NA	NA	0	0	0	0	0
806	75	19	0	0	0	0	0	0	0	0	1	1
807	76	19	NA	0	0	0	0	0	0	0	1	1
808	77	19	0	0	0	0	0	0	0	0	0	0
809	78	19	NA	NA	NA	NA	0	0	0	0	0	1
810	1	20	0	0	0	0	1	0	0	0	0	0
811	3	20	NA	NA	NA	0	0	0	0	0	0	0
812	4	20	0	1	1	1	1	1	1	1	1	1
813	5	20	0	0	0	0	0	0	0	0	0	0
814	8	20	0	0	0	0	0	0	0	0	0	0
815	9	20	0	0	0	0	0	0	0	0	0	0
816	13	20	0	0	0	0	0	1	1	1	0	0
817	14	20	NA	0	0	0	0	0	0	0	1	1
818	19	20	NA	0	0	0	0	1	1	0	0	0
819	20	20	NA	NA	NA	NA	NA	NA	0	0	0	0
820	21	20	NA	0	0	0	0	0	0	0	0	0
821	24	20	NA	NA	NA	NA	NA	0	0	0	0	0
822	25	20	NA	NA	NA	NA	NA	NA	NA	NA	NA	0
823	26	20	0	0	0	0	0	0	0	0	0	0
824	35	20	0	0	0	0	0	0	0	0	0	0
825	37	20	NA	0	0	0	0	0	0	0	0	0
826	38	20	0	0	0	0	0	0	0	0	0	0
827	39	20	NA	0	0	0	1	0	0	0	0	0
828	41	20	0	0	0	0	0	1	0	0	0	0
829	42	20	0	0	0	0	0	0	0	0	0	0
830	45	20	0	0	0	0	0	0	0	0	0	0
831	46	20	NA	NA	0	0	0	0	0	0	0	0
832	47	20	NA	0	0	0	0	0	0	0	0	0
833	48	20	0	0	0	0	0	0	0	0	0	0
834	49	20	NA	0	0	0	0	0	0	0	0	0
835	55	20	NA	0	0	0	0	0	0	0	1	1
836	57	20	NA	NA	NA	0	0	0	0	0	0	1
837	58	20	NA	NA	0	0	0	0	0	0	0	0
838	1	21	NA	NA	NA	0	0	0	0	0	0	0
839	3	21	0	0	0	0	0	0	0	0	0	0
840	4	21	NA	NA	0	0	0	0	0	0	0	0
841	6	21	NA	NA	NA	NA	NA	NA	NA	NA	0	0
842	7	21	NA	0	0	0	0	0	0	0	0	0
843	9	21	NA	0	0	0	0	0	0	0	0	0
844	10	21	0	0	0	0	0	0	0	0	0	0
845	11	21	0	0	0	0	0	0	0	0	0	0
846	13	21	0	0	0	0	0	0	0	0	0	0
847	14	21	0	0	0	0	0	0	0	0	0	0
848	15	21	NA	NA	0	0	0	0	0	0	0	0
849	16	21	0	0	0	0	1	1	0	0	0	0
850	18	21	NA	NA	NA	NA	NA	NA	NA	NA	NA	0
851	19	21	NA	NA	NA	NA	NA	NA	NA	0	0	0
852	22	21	0	0	0	0	0	0	0	1	1	0
853	23	21	0	0	0	0	0	0	0	0	0	0
854	24	21	NA	NA	0	0	0	0	0	0	0	0
855	25	21	NA	NA	NA	NA	0	0	0	0	1	1
856	28	21	NA	NA	0	0	0	0	0	0	0	0
857	30	21	0	0	0	0	0	0	0	0	0	0
858	31	21	NA	0	0	0	0	0	0	0	0	0
859	32	21	NA	NA	0	0	0	0	0	0	0	0
860	33	21	NA	NA	0	0	0	0	0	0	0	0
861	34	21	NA	NA	NA	0	0	0	0	0	0	0
862	35	21	NA	1	0	0	0	0	1	0	0	0
863	36	21	0	0	0	0	0	0	0	0	0	1
864	37	21	NA	NA	NA	0	0	0	0	0	0	0
865	38	21	0	0	0	0	0	0	0	0	0	0
866	39	21	NA	NA	0	0	0	0	0	0	0	0
867	40	21	0	0	0	0	0	0	0	0	0	0
868	41	21	NA	NA	0	0	0	0	0	0	0	0
869	44	21	0	0	0	0	0	0	0	0	0	0
870	45	21	NA	NA	NA	NA	NA	NA	0	0	0	0
871	46	21	0	0	0	0	0	0	0	0	0	1
872	47	21	NA	NA	NA	NA	NA	0	0	0	0	0
873	48	21	0	0	0	0	0	0	0	0	0	0
874	49	21	0	0	0	0	0	0	0	0	0	0
875	51	21	0	1	0	0	0	0	0	0	0	0
876	52	21	NA	NA	NA	NA	NA	NA	NA	NA	0	0
877	53	21	NA	NA	NA	NA	NA	NA	NA	NA	0	0
878	54	21	NA	0	0	0	0	0	0	0	0	0
879	55	21	0	0	0	0	0	1	0	0	0	0
880	56	21	0	0	0	0	0	0	0	0	0	0
881	57	21	0	0	0	0	0	0	0	0	0	1
882	58	21	0	0	0	0	0	0	0	0	0	0
883	59	21	0	0	0	0	0	0	0	0	0	0
884	60	21	NA	0	0	0	0	1	0	0	0	0
885	61	21	0	0	0	0	0	1	1	1	1	1
886	62	21	NA	NA	NA	NA	NA	NA	NA	NA	NA	0
887	64	21	0	0	0	0	0	0	0	1	1	1
888	65	21	0	0	0	0	0	0	0	0	0	0
889	67	21	NA	0	0	0	0	0	1	1	1	0
890	68	21	0	0	0	0	0	0	0	0	0	0
891	69	21	0	0	0	0	0	0	0	0	0	0
892	1	22	NA	0	0	0	0	0	1	1	1	1
893	3	22	NA	NA	0	0	0	0	0	0	0	0
894	4	22	0	0	0	0	0	1	0	0	0	1
895	6	22	NA	0	0	0	0	0	0	0	0	0
896	7	22	0	0	0	0	0	0	0	1	1	1
897	11	22	NA	NA	0	0	0	0	0	0	0	0
898	12	22	0	0	0	0	0	0	0	0	0	0
899	13	22	NA	NA	NA	NA	NA	NA	NA	NA	0	0
900	14	22	0	0	0	0	0	0	0	0	0	0
901	16	22	0	0	0	0	0	0	0	0	0	0
902	17	22	0	0	0	0	0	0	0	0	0	0
903	18	22	NA	NA	NA	NA	NA	0	0	0	0	0
904	19	22	NA	NA	NA	NA	NA	0	0	0	0	0
905	22	22	0	0	0	0	0	0	0	0	0	0
906	24	22	NA	0	0	0	0	0	0	1	1	1
907	25	22	NA	0	0	0	0	0	0	0	0	0
908	26	22	NA	NA	NA	0	0	0	0	1	1	0
909	27	22	0	0	0	0	1	1	1	1	1	1
910	29	22	NA	NA	0	0	0	0	0	0	0	0
911	30	22	NA	NA	0	0	0	0	0	0	0	0
912	31	22	0	0	0	0	0	0	0	0	0	0
913	32	22	0	0	0	0	0	0	0	0	0	0
914	34	22	NA	0	0	0	0	0	0	0	0	0
915	35	22	NA	0	0	0	0	0	0	0	0	0
916	36	22	NA	NA	0	0	0	0	0	0	0	0
917	37	22	0	0	0	0	0	0	0	0	0	0
918	39	22	NA	NA	NA	NA	0	0	0	0	0	0
919	40	22	0	0	0	0	0	0	0	0	0	0
920	41	22	0	0	0	0	0	0	0	0	0	0
921	43	22	NA	0	0	0	0	0	0	0	0	0
922	45	22	0	0	0	0	0	0	0	0	0	0
923	47	22	NA	0	0	0	0	0	0	0	0	0
924	48	22	NA	0	0	0	0	0	0	1	0	0
925	49	22	NA	0	0	0	0	0	0	0	0	0
926	50	22	NA	0	0	0	0	0	0	0	0	0
927	52	22	NA	0	0	0	0	0	0	0	0	0
928	53	22	NA	NA	0	0	0	0	0	0	0	0
929	57	22	NA	0	0	0	0	1	1	0	0	0
930	58	22	NA	NA	0	0	0	0	0	0	0	0
931	61	22	0	0	0	0	0	0	0	0	0	1
932	62	22	NA	0	0	0	0	0	0	0	0	0
933	64	22	NA	NA	NA	0	0	0	0	0	0	0
934	65	22	NA	0	0	0	0	0	0	0	0	0
935	1	23	0	0	0	0	0	0	0	0	0	0
936	3	23	0	0	0	0	0	0	1	1	1	1
937	4	23	0	0	0	0	0	0	0	0	0	0
938	5	23	0	0	0	0	0	0	0	0	0	0
939	6	23	NA	0	0	0	1	1	1	1	0	0
940	8	23	NA	0	0	0	0	0	0	1	0	0
941	9	23	NA	NA	NA	NA	0	0	0	0	0	0
942	10	23	0	0	0	0	0	0	0	0	0	0
943	12	23	NA	1	1	1	1	1	1	1	1	1
944	13	23	0	0	0	0	0	0	0	0	0	0
945	14	23	NA	NA	NA	NA	NA	NA	0	0	0	0
946	15	23	NA	0	0	0	0	0	0	0	1	1
947	16	23	NA	0	0	0	0	0	0	0	0	0
948	17	23	NA	NA	NA	NA	NA	NA	NA	0	0	0
949	18	23	NA	0	1	1	1	1	1	0	0	0
950	20	23	0	0	0	0	0	0	0	0	0	0
951	21	23	1	1	0	1	0	0	0	0	0	0
952	24	23	NA	NA	0	0	0	0	1	1	1	1
953	25	23	NA	NA	NA	NA	NA	NA	NA	NA	0	0
954	26	23	NA	0	0	0	0	0	0	0	0	0
955	27	23	NA	NA	NA	NA	NA	NA	NA	NA	0	0
956	29	23	0	0	0	0	0	0	0	0	0	0
957	30	23	0	0	0	0	0	0	0	0	0	0
958	34	23	NA	NA	NA	NA	NA	NA	NA	NA	NA	0
959	37	23	NA	0	0	0	0	0	0	0	0	0
960	38	23	NA	0	0	0	0	0	0	1	1	1
961	40	23	NA	0	0	0	0	0	0	0	1	1
962	41	23	1	1	1	0	0	0	0	0	0	0
963	42	23	NA	NA	NA	NA	NA	0	0	0	0	0
964	48	23	NA	0	0	0	0	0	1	1	1	1
965	50	23	0	0	0	0	0	0	0	0	0	0
966	51	23	NA	0	0	0	0	0	0	0	0	0
967	55	23	NA	0	0	0	0	0	0	0	0	0
968	56	23	NA	0	0	0	0	0	0	0	0	0
969	2	24	NA	0	0	0	0	0	0	0	1	1
970	3	24	NA	NA	NA	NA	0	0	0	0	0	0
971	4	24	0	0	0	0	0	0	0	0	0	0
972	6	24	NA	0	0	0	1	1	1	1	1	1
973	10	24	NA	NA	NA	NA	0	0	0	1	0	1
974	11	24	NA	NA	NA	NA	NA	NA	NA	0	0	0
975	13	24	0	0	0	0	0	0	1	1	1	1
976	14	24	NA	0	0	0	0	0	0	0	0	0
977	15	24	NA	NA	NA	NA	NA	NA	NA	NA	0	0
978	16	24	0	0	0	0	0	0	0	0	0	0
979	17	24	NA	0	0	0	0	1	1	1	1	1
980	18	24	NA	NA	NA	NA	0	0	1	0	0	0
981	19	24	NA	NA	NA	0	0	0	0	0	0	0
982	22	24	NA	NA	NA	NA	NA	0	0	0	0	0
983	24	24	NA	0	0	0	0	0	0	0	0	0
984	25	24	NA	NA	NA	NA	NA	NA	0	0	0	0
985	27	24	0	0	0	0	0	0	0	0	0	0
986	28	24	NA	0	0	0	0	0	0	0	0	0
987	29	24	NA	0	1	1	0	0	0	0	0	0
988	31	24	NA	NA	NA	NA	0	0	0	0	0	1
989	36	24	0	0	0	0	0	0	0	0	1	1
990	44	24	NA	NA	0	0	0	0	1	1	1	1
991	45	24	NA	0	0	0	0	0	0	0	0	0
992	47	24	0	0	0	1	1	0	0	0	0	0
993	48	24	NA	NA	NA	0	0	0	0	0	0	0
994	49	24	NA	NA	0	0	0	1	0	0	1	1
995	51	24	NA	0	0	0	0	0	0	0	1	1
996	52	24	0	0	0	0	0	0	0	0	0	0
997	53	24	0	0	0	0	0	0	0	0	0	0
998	54	24	NA	NA	0	0	0	0	0	0	0	0
999	55	24	NA	NA	NA	NA	NA	0	0	0	0	0
1000	56	24	NA	NA	NA	NA	NA	NA	0	0	1	1
1001	57	24	NA	NA	NA	NA	NA	0	0	0	0	0
1002	58	24	NA	NA	NA	NA	NA	NA	0	0	0	0
1003	59	24	NA	NA	NA	0	0	0	0	0	0	1
1004	60	24	NA	NA	NA	NA	NA	NA	NA	0	0	0
1005	61	24	NA	0	0	0	0	0	0	0	0	0
1006	62	24	NA	NA	NA	NA	NA	NA	NA	NA	0	0
1007	63	24	NA	NA	NA	0	0	0	0	0	0	0
1008	2	25	0	0	0	0	0	0	0	0	0	0
1009	3	25	0	0	0	0	0	0	0	0	0	0
1010	5	25	NA	0	0	0	0	0	0	0	0	0
1011	6	25	NA	NA	NA	NA	NA	0	0	0	0	1
1012	7	25	NA	0	0	0	0	0	0	0	0	0
1013	8	25	NA	NA	NA	NA	NA	NA	NA	NA	0	0
1014	9	25	0	0	0	0	0	0	0	0	0	0
1015	10	25	NA	0	0	0	0	0	0	0	0	0
1016	12	25	NA	0	0	0	0	0	0	0	0	0
1017	13	25	NA	0	0	0	0	0	0	0	0	0
1018	14	25	0	0	0	0	0	0	0	0	0	0
1019	16	25	0	0	0	0	1	0	0	0	0	0
1020	18	25	NA	0	0	0	0	0	0	0	0	0
1021	19	25	NA	0	0	0	0	0	0	0	0	0
1022	20	25	0	0	0	0	0	0	0	0	0	0
1023	22	25	NA	0	0	0	0	0	0	0	0	0
1024	23	25	NA	0	0	0	0	0	0	0	0	0
1025	24	25	NA	0	0	0	0	0	0	0	0	0
1026	25	25	NA	0	0	0	0	0	0	0	1	1
1027	26	25	NA	0	0	0	0	0	0	0	0	0
1028	29	25	NA	NA	NA	0	0	0	0	0	0	0
1029	30	25	NA	0	0	0	0	0	0	0	0	0
1030	33	25	0	0	0	0	0	0	0	0	0	0
1031	34	25	0	0	0	0	0	0	1	1	1	0
1032	35	25	NA	NA	NA	0	0	0	0	0	0	0
1033	36	25	0	0	0	0	0	0	0	0	0	0
1034	37	25	NA	NA	NA	NA	0	0	0	0	0	0
1035	38	25	NA	NA	0	0	0	0	0	0	0	0
1036	39	25	0	0	0	0	0	0	0	0	0	0
1037	42	25	NA	NA	NA	NA	0	0	0	0	1	1
1038	43	25	NA	NA	NA	0	0	0	0	0	0	0
1039	44	25	NA	NA	NA	NA	NA	NA	0	0	0	0
1040	45	25	NA	NA	NA	NA	NA	NA	0	0	0	0
1041	46	25	0	0	0	0	0	0	0	0	0	0
1042	47	25	0	0	0	0	0	0	0	0	0	0
1043	48	25	0	0	0	0	0	0	0	0	0	0
1044	50	25	NA	0	0	0	0	0	0	0	1	1
1045	54	25	NA	NA	0	0	0	0	0	0	0	0
1046	55	25	0	0	0	0	0	0	0	0	0	0
1047	58	25	NA	0	0	0	0	0	0	0	0	0
